$ANSIBLE_VAULT;1.1;AES256
30386133633263613032383565326536626539353036313638383635623737356636643565366566
3563653933613063333537636166613661666663646234330a643731336366306564626135626165
38386663353234643066376365653862396462393063396633613436356566616338353339626165
3131346263633531660a346634623165323136663039313565336661393861373930633234336336
62633932663730646435343738353463373939363665303662653865386432653632666562353439
38356661316534343263613561633362326564626362623763643663363736303832326161356339
65366530386165383635303365613933623062623937333434303335363830313538336636343937
66316264363063363036656532376461633831366361396232326264666361386266643837386666
65666566636638316133613464613839306161636665356266346665336139616664356335343434
37613039346437633934656432643234663564616365653633323734666537656666306235633461
39316137333033363833626363386231626138613161383132386438613239346430393464633165
32393864643538323830303162363765386662303661343737376462616532346464333533633231
65643334666665353533643564656534373039323638393339386466316661646438626463643538
34396535343966326533333133353430393766633065303961396664336165353962613432376133
38616363396664383364623536373363353430323261303639316466393139333332366431666638
34626233343366366563373030356538636238343938656463643864653566353466643437613739
66313935613235353239306566303265316338386662653634633564663137353539663866383362
38663335643636613336353030626563376638393234326536656562323164646465356162393233
64343834633961613036343330373436316664316536343063333964623433666336303237363139
37326631666661623139376164666430633664343761366463383366346437376166633630306631
66303964373336613930663730336233383132393138343637636130306530656537363836626266
37383135613865363634623436323339336161343536393936653039326631336366363165303837
39343365373338373961623561366362653632646131386661613662386336326664313737326463
63636665356464656533613366393939393334396339303062643133653434376431343237633763
63663939363562373533386233326265393161653762363861393065653637373463366664356338
38626536316262623035303863333532373938396266646165313533316434396437666138363831
38396564376332343264343365336461633662326531356531643064306632306166383462666466
38343566623330366262333637626261626231396163636566326136303062623266623534343939
39343433626635616666303638646431616434363665346465646361353361353239643663303663
36343731343561626136343432363639373831346331366163653166303432323761616165653838
30636332343361326461656231663433373836303666316261623430333661343335656437393136
62303166626331363434383939346166393161336165346661633032363436393735613461376234
66643534353066396262356233373462373362623336343834613437636332343764393439653162
32353366313534373265336362623165383730356161316238336532633533646330336435326534
61643466643835623733303538316166646233643136653664653530376664333464393863366365
63613738393732393739393762613638383239303537353236636463663033396530376465333932
37326135336238396631333930373561646438313430323733353638356336636338656462613139
36373432633439613931656562316336653965313066386332643432653435643034376466343031
39633136656433336233393730356263376538656130353762303034336339356633656464393837
37623233613932383536623536653435396661313336326331653064616635316238373136623533
39653763393739373234346136353861383938353232336366336165333139323435636333656335
65373631396438633936643865323665653465666434373166363863626534323566663663323561
30353238636437653635386363363263376330323732613630613266343530393734383565643435
62356133633662393165313766323732386231333737613236373533383932623634336435363235
62353964636266336562353736386665646539323564633666316265313438326333653632313564
36356334386132393562663566386365623765363633313937333062393238393735383731653165
61646364633537363065366633646165643930353532633433656564333336376335353864623766
30316536613635373733303163326662363435336165346134303036383161396366636135623562
31393036323339373865633163643330393731386433613930633866393731373133383835346236
62356363663062373938636532343239366438396337313632616636333961306234663830313866
62646337353037666564653336376138326439633533396531393936313030333435383630316631
35353634663131343235616635386138306435303432653363363930656136356361663136376131
33373434616433366436326365616163313563343664623734306564623162623266326537636165
31633336366438343363393032323838383237323664653038376362643565653361646466623438
62323833386331323264616633653836343764663662646166383163653234333266353531343137
39613962316335326435356632626430363065316439623861303930643462666662663839643263
36666233373034363262656138626662383532393733396432363964653839303463376561306433
35643036633731613565323439643637336566396632663335393036663432653664333232346338
36343338333236663764643136373164373931653630626639306663333562323231643630343539
37303965393537636130356437393164366435633734613037306664346464663935346165373461
35313330316232333664356162383235653135623361386363643235366134373162633739393531
32613134633331376236373636636639333331353037343134346232636432306230346139343631
37613431616565363735656166333437343433306535613732653866653635633432353166313834
32623133363664653131636466343361616130353635303663663837396664626338393239343938
64383534316265623836316162383164636636306631373739313263653664306437313932316166
62363936613230316638643762366231653931643461323539613964346138366539303865303334
64393238306439616161316539346632626262653734383239343135323732653731333763656634
34306661613065633137643966333334666531653862623933383937646136343339323866383361
35366637373930613165646537653231343266613338373363303334316136633565383732373865
39373636373635626231666130343335323265626632303239393334643963616666343930323461
62393937643533376230313937663032326664636532616333623763326461363638303930666234
31663362393333356565343230633239646130356530623137333332383332316261646531633336
35393038386332353230633635353465616630306465613766636366613833376661633961623733
32316134323062366436363661343931306135316631666339313439653035613239383265386438
33363864366330626264643731663439303662646562396431373231353138363330663238313562
35663330303338633234653736386364346135616536613939366330343838616330613162303565
61356666376534636465323266396162383538636230616337656464343339353732386665393261
35303834653666616530393730626237386164343835613538333230636163653935353537623931
39613062323337353133653932326633633833396639633239346330613934626164333336353730
39613639386161393436356162633334643663623461323932633662336236363334373935613164
35313832653033356634316663396533386133353663383163333934376633393033613037353439
64643765366136643166343563646232386566636635363766616339386530346134323366666438
62623139663632373534353731326636386138393936316266393634383234613063633036366663
63346230373134626362323438656535393434666638306136356639303931313163613963623137
34366332646135633133316638323434653033633964356430626564666130633633613165373762
39613337663634373433633637653534643164636330396630313861316563663963363238333531
61613432373366396637643239613935636436353433323132663165633934353063623830363262
37613733613561623165383734313037303730346237626163616535313934616139373431613034
31333239653632643163366562373164386366343464393138303364343735643331633538373334
36343930663334366231363563316531313866616232643664633533343739306462323661313464
30313533356333333131656366643161373134613164303831636363306435336263363733303535
33383730626337343963323663313432646437323237363035376633613361313762356137636336
63383132363566303930306332363563303362333232313462326434643361643738373938663732
66663438666264383038346563306365363730323236613037376566303430353330613866646338
32386430636339663863623439323831656565373735666130616439316137373632326364613538
31623037386464313830336638646531633031623666313965323266373337643433643739643638
31663432653263636266666161636134643865383466366163303230653635383266346163643335
30333365616337323163363430323661383464613135376661623662346665623135373430333362
31346632333835653364633431616439633930303937643837633937663766656461326536613931
35323964393030363666353836316436343533393030653433353162366463326635396436363631
33333238646131343635313234353939393766656162313933353038313961343561653932353037
61356162633362386530376464663038343263383631343730343937326334333964623339316334
36323330333237643231646666626635646365383337323361336563663264643161643165363830
37323736353566316634396662663032633438386632333764663534306662383530316139393537
36633432613635346633656336626238346665646566313435393261333632336661383536656265
36326231626432656233363866646539363538393162623361333238396234393266653631353236
39383461326132663566306262623934313437663036386233316635343737346637623639323535
64326361313034376636366335383963643833353231353835303237343834303061343162363632
63393836363762643136666433353739393763663431656366336664383531323936323162623837
35323361623666356461623164373531363665343630316662343266323933333463653834336566
65333234363235333838316662383738333238363064373361333834316332636438613431363538
38333435643136353861666634373066346139336433303962313438613038326361653864343932
33396138663532646165653361653333393734626662343562666438363338383135323339386331
34616338346639376431303932333836363863343730383066383561393661626137343230363163
31663737333936396333636536643736356232666465373436306232323733353865393630303861
31356164643631643635323530633936323735643437613737383231326532373233396334616366
32663832626631636262326461663436353231366230313365353735363736626539643262393862
36636437663338356137303165613461663062646134303062616265613033363366303437616334
33353239303133613464376363383132373339306634313033663431636631393361643362343230
33353031393233363736313938643564376338303364343437656264633065356438386539633761
33346131303461616437303731373166303538323136373939366362616434393634383637353563
30303961316630623939663862623361386361666435303931626237393930313833333239393939
31376235346461353661363232616264656561333339633062623438613934313837653939643665
33653861373732393832343736646364343831323938386432643534313938393235323533633465
66623434613134303036636436383638666137623532306139346666623764623566393436333661
36336136656134316561666539323237646362616436346464656264666331613730623734393030
63626130303235633835633262373633363735346165303262306539663339663163343365353730
39386437623030643532306337373330613839393631653232666661613066393439646664306431
33616265356361613138333635613536336639326661653434353031323265636438343466353366
31666237646265373961663764313236663432373834616136363135353366666534336631636431
30353033393432366130313936363565323161316639343135613030373039383933376237303733
64396661376463626134333365623033306235353533303336643366366633306564626431346531
39393735363961356163666465396134653639626665353861626531333464373365653539303339
31643834373161373665383366336139313431366163343363626263333363626139646238313035
66343463336336376139333663303332626233356337653361616437363736313137303162666133
61656530646533353763316562363538333435636366653137303333666463646430333265626334
30313062393936393032323466396232643734383631656631393931393233346539373435323935
38303739353535656661333037616639313965393733316339316130626136383132323437373836
37356539663037646335376639303837393433613238636136633762616362366538383337343138
30613337653631303938363430326566613536653839363362633631306361386530646362343030
65663637306663383731646566626462376631303137383839363962376435623861616463623035
30353635663633653462373664326130396432393238663938393037383136303662366262376166
63613334653934656263396562643032646630333536633861336337306236313663653932646232
62346264393932323532373865643966393031303731663033383738393466366632373464376131
35336265626639336633323531636563376335386632376265333431363932633961326536336331
64656161393130613134646664656437383030613437646438383835663063313565613932383231
30626334313332363466333935343064613836623766353130336662383431623139333264393431
38343565613639636236393730643961623432316531663361383832313166396561393434356131
35366436616530313265346165653830323463323963663637366566613664666362333462356262
32646237663465306365313130386462356530343737306337623135303166373963613863326263
64323832663366346363326161313331316439313633643066326166626639373962393139383432
33643533666531666539663638613732346134633765333031626362336366666666633135313031
65633264396532363462373339366463383564646137663864386230343661633866353431623632
34376638343837306331356463626663376462316132396164643265346334346463393933393734
33313039333036616562643064396433666464326536393230393364343539306630323833653730
63626566366436626661656436613737376231346631646639326534643537636136616434316232
36306131636138663630646138326463623936623532303839623165623137363732343363383930
66333736336563616462346533393837396637663937376631346431373533316561356664383263
61663635663131666436373539646166373934333863323338626238633635396362663038623639
30396165353437663130613537313464333030353836346632313232353837626231303835666266
32633766323365303564313436346561626165386165623830393164333038306433316563323236
34343435306236386532346235643961343538383435333430366433346163353862366161613464
30316634313933613061636532353432626539316134636330623362613534376239643133363136
39613931303731333633646436623438363362386163643236613963313131383466306461366436
32353265643533636238646431353466306530303238323131653336396361303262356262613230
35353739653530646231313062643235623230363465333763333966356534373565326334306336
30336433363036626566613634303162376264333838653932396561383438316466383966343663
31626331623332316139376361366231343334356630653236333135626463336664323637306638
37303134666232303966613638616361613961356365613538323164343337386261643133393634
31306565373639323031346236633837306132373264643462613433393961303931376538356339
38633066313833383664393036333939333066633463333065396633313936306131366364303135
31613761616131616362633639363764376464646266323530616265363339363036653662643439
31313536646333393639346433336562643938646164636662316132326436616135303432386334
65663062653931643663636666313835646138323432373138353939613330613461643133613138
66636361643533386630316133356331623466663636333961633438613233353036666635376534
35383365376265383939303636316265663630333935623131303738376631656537656138343765
36643431623939633632323535363837363331323331393035366664316232343861626665633061
34346434666638393934643162653733323935646262396661363966643062346562613336333061
38363336366339633661666165383436663031306631643831643463663937653031393061306438
63656338323363336332353232373966363436646538343562393932653539316565656163386634
35306265393662326361393166373935356633323638663465616233376534646131353132663866
38346163613131326239636365343937653833356138393838316137313063653238376631346461
32323331626365323130613866653465353565343863636630366465383962623238636434663565
64343762623530623365383739326562616632626166613635383937343839626666306135333934
38336461373730633233373131323365613139616439636365383762663237383631353165336232
61613464386630396437393162653530396139636632393336623562303536353233633034366365
31396139646334376631316265393663316537643737383630643262613036326137366463623161
30346361383132373336616132383665333265363231303334623661336537343837656331613561
32343135383635356463663065346561303034663262643735646664303536363833383630623461
37616336386432313535373233386433663363623761313331633438363563396563626631336662
38653235633838613630623438373661333563623436383833333235326334386163663037386636
33303631616135396130663735353333346564656537393937613638616239663161313962613631
38386537653466353966346430633361303136643836326332633631336232646265613034326161
65633033393337363336326633306262316636663461346162633234376232646563363032343632
39643062313532646633343133313330316537343936646561613430303034303765633565396132
37636165373335303133316233363132303339626635663461366263366162643736616533313338
31353433363937343465346530306630393236636138643231393761623661326336356263306634
36643234326538316432363864666138643139313334393265623761626162306632386135336161
34326266306565343731626161643937663665366537643536636135613532643862353633333836
64356337313064663339333163613862393761356339633033346338353865303038323833373461
31346364663662316134383061313930323033356538626630373761613737343133303337613036
37373261303066313035663139653237336236643036323732313763343866393736383937363733
30393135653662666630353666316532303538366138386264663161656362633135343333613134
62633139613130666566383361366637633632663166643336303730616237626430623863363963
62316366633130343061366636393037323433643739646331306539376564666364383934383935
63376633343364326430373130316264393866373438653964373663653737633533393139363564
39336635386433343766353166323531633731616333666463323538393135636538383230633939
63363061623432346437303565626637326561306162613830363835373830383631636338376538
33343931353631393538306138393039626635666366363836333438663333323636623037303331
31663237343965663364643139306632666166616138316363316334613134343864316335383631
33323331336462656566613039313631643137363336643833646637383430363863373633633738
63666336643938663064613538373434636234373935383736373739363430343765393463626231
31643131636633386135366563316232343132376662643364626537656333643736626530653036
37653636646534353634633734373463313031626363376538316634383863393035353835643836
63353036633933323932646135396337393735383931373638643064626334366139623133386662
35626464653162396132
