$ANSIBLE_VAULT;1.1;AES256
30383930323363386234333433636465393263613336646464666365643730386430353864616334
3865343031653162313736656437373666636136653263360a613961646133376262633164393535
31363434633634303035663133316230633538363936303266373931313661346563333832653032
6239376363646530620a303231363333363233623038326165316463383662656565626534396232
62333133623530643932643430663166373930353733363866336533643233373261333130613635
31633337376337663833613634666436383862386431636537373363343333323932363761653366
61353166613162346436396138316561646165303566376366323462663861616364336539313138
30386430373566353761383636626335393463376661356666303861353564313832346333396134
30653861363866336331336164323130623230666237356165613934333239386536373664643065
33643139346562346663313533643433353462363665323166313364373335366665373435643935
65303863663864393238393732303065343364306264396333376233666233346664323334336532
38373164383835663163363137643531303163396236623565666436363261393563343133333161
36663934303633663062346161636333396135336135616136303664636562363862353764343562
39643430396636313139336130656363306562363430346233313530663963366238326334623135
62383632613061316262323038303333323739303137363334626637666663666263613132336433
65346266393733633632
