$ANSIBLE_VAULT;1.1;AES256
64343766343632623130366435613934363465653264663165616466303364306632633930326333
6336663534313662373938666530363636313561343738340a366131323836633061316338313766
32303032626135373264396638643031326264383637343162343432373731303530333565653761
3735303536396366630a666136373437353038333664306665333938666262646566396430623664
32343163643863326566303635653032346266656538653034383266663566343064313261396561
66313062333630656564653339353065666462626330653738353333623038623836653462633538
61323235303339363836306434643033346234626238626136366534636463303163633130663533
64646562346566386365336466346434656138306665623833313933383939323438393935623937
33636131386430383861663363386532396664383239643133663738363635353736303262326462
65613038353731363337633935623662666361646364653534643561306561623535663232366134
33353466666561376262623062613563363662363461306434656361666233303763313732353466
66616532613262313531363361343963343062396463396130356436666331323036383135663638
36303364323436653730386365656332346164656139383436653836613066353334383335633661
30393761363738626438393761623435326139343034306632653039666336633566653863653264
35653734646466316564343036646237346534333139643735306636626664646361633035623362
63376439656664323564363765386630613662393735633162316135653735636231633730346132
61653930343238393262623439326635636630626234326338333163353139303833336339333361
39376165343064383032313533636165613261623735646432313131363035626539653038616436
39643737363238353536386236316434363066626164633837333264386163393831646439343631
31363365333736353965393132363535613363663138643432386633653764383738346431626133
63633864613533366536633130316662333761366330313535333363653038623763316561353264
65663033636134343833656336633762353364306537303837343939373066616430376565393137
62383030323563363236343765383235626139393137626663353537613037663539316565663662
37373165636630633664303362386331633662303136653132356234383435376665636430303937
38396639653363643839376166653436636435326464613939353439316463613462343631663565
66346466376332366135323932656265353234393735346132333932306537353862356436346133
65663637396662623665653334313464353339303362396139366639383866353061383062303337
63633863366432383435363866613939323433613164323132376436323236353335353337646663
64303338323830386337636463663738376566616630633663383165313332643438323137326565
34333035616533393961653531323466303032383765303065323464373130663839343661633063
39353761396430313035376365653031396232316464343662323734386538326431653065646331
63336465386261326338646632363565623132663264623832303565346261663531393463396239
36326236383231363530383566393937616636666335626364623239396463346566643066343736
62396632383839346463613735613730373762383435343065306562356462383630383962653139
63323739306437313065663139303037363365656365343038633466346339353437393439393166
37333033623531313333666363353230323339666232393936663331666433386238383532343634
61613531646438363466626565373033356365343931636265303633666539306639303237373130
38656239343065643830623739343236343062356162663165656537636238653265643039643834
63353039656362373365646466626135353438663865643861313238633539336666323535343637
61666533356533626563346664333338373832396162363534393130613561663335323134653030
62333038616235383637313736353264346233303437303632393933376463343133396638613366
34366165336339313932633866623663353736373965303666653334383239326362633836636437
30313564353835343564356334353862373761643861336536326338623334656539663934323865
61303430316265663464316330643032313732353763393165636133616232386635363333346164
65393864623939343430343435386638333735363838646530633036396530666233303231653366
31316333343530323962383430616336323638623735616431323366303132613533373937376135
63326431653832356137656535393763646134666239376164346330633637613631303236333632
35616266616431383333656530663838346238616331363635326532396566386461353362353035
63633138666561653063333566373637623433643666346534313938666361376431396234666265
33323563323139326333396633383537623564333636626461633333623264626363303161346139
32616432663737303764353366323766333665326561343463373339346331366338326432613230
33653165343835393564373334306631363334646462656665643631303539303065346638653031
64343862373665363231353464373639356139373338373639656161646135393665373738303866
65353262623536366636316137336633383434306463656336643233363837376238386166663438
38393762353962353365366333623336336631353133636238313238616234333564313530383036
66343964353564303434316137653261613635313430656335316534633339373964383765623865
34333930343033373234326561333432336165306533313237343866363330393334616130366336
34316330336165393034336135633465313566346265616238656362363762356664643564313132
39326434303163656166373965373338383439616132303065333762326465376136653562663339
32373063313837643339323062323361643766376366386563386431353563363736323933356333
33633737336239316164653533626231393037343664616536393039356332363338303765653833
65363134646238356534653037383631303866633234313331383066666233336262303062383064
30366362663736353632393032363030653537666162356230343261623463353439623538613863
35623564353465313335373763373538333537333938363536646231396132646364383135343534
34323635346663383361616664306530353038653436376638656464386334626238356239363231
32393365376462323035366432326165366138646163343734646136623033376134643737666635
35663962653662353039623737353466306662323664643430373835313832666363346133366261
32386435633366613337333933326564623230663631373964663832633662616239373262366264
62663164636263646538653037646136353433383937393434313362656262356532613331383232
36646361326332666634383435373632613231316165326637333439633638323265373437336461
64313163326364306236613162653036646163383164646237623938333934343366643930666530
36633763663730386432653461613833376462336162343334346435323537633537633161363464
62313136346362323433623137323935366235393334336139363731336332303362643664373038
66366437353332313464656131396434663132656531363762663432373632306332653163633765
36663165656562383063333538393261323062336662346539623335643463336437636334396661
62656163356530333534313539356436323733393663313265656431613130613137306530643538
32393362623237393764313930646661636565363331643431303533323838323030366562376231
62636536363733623536346339356634303236656531393737333834396231386637353638666638
62323964666530313361333666326238626439323834393434633831316466623938653431396434
37326136396134326162383331656563346339623032646565336262636632636433313439383264
34336432393761613938623839396138376533326663656161393331383461353234626637343633
65633765363064663636363031653636313034636563326565353931656633626236333037633261
30666633306133386536343133383538636336353261376531626566383134613966343766386232
30386464343731626634626234386633343462366434303763383733386263396361353132343339
62636130346262336637643934643838333762623931323230333137366363333062343763393762
35616630333138383034386232626532636532623962636534353130323732613937323231313637
39323837396133366363366261326232656464356338336362336163333362313661303433356562
64353431333761376237343062333266343664386439663964333538653134663237396538333031
61323031376235363137623364393735383337383661333762343561373433376137373234613938
64633531656230333465303666643034346236373532306139323466383134636361613262636162
31336135636237393565313334666230646630376462393937393565333531643735616432306665
66313361313835363333373562333764353236653331666431363838653565613562343437353432
34653933363131323932363333336466346631303036613134323063376364363763313730646465
37663637613866623432316165616463613739336632646332386532313438363766656566373430
64383930373333396135663662646230656565613161616238306338376332653362353430646637
61666636363332343733613263343030613164393237616238363562373938383865643031343032
37613238353935366638363564643461326330383339343431396434643430643434383365383162
66643535353565333838636265386365666261656637633133633164616566323061363837323364
65653037386133393039353062313630353065653436666333613637376534653665633261623239
66616134613766353264353864323464396364653838363363393036343132633630393132343631
35656434643631323630343230323537653334663135393439356263666237333662373631323538
31653839336436636130653035373061323038623339623336313935373530646331346131663838
32313835376566366464656634633261353562323566383330386336396335653731636636343062
66623533663539326461393739663063343666636239633839643330356537346231653034353934
63396662363133386635666232333535373038333632656336633736393733643566393462663631
64353137653032653263366266623531323633346661343561306161643334633237633532353434
36373532383532373936383532633936616436623135653263613338393232623739363132666166
37343337333561346331313336396331346666653138666262356434646536313731613938616634
34626466333630653765343665653465643933306533626634333635336565646236613633366532
36313539373736383834373833373836316137313639336231386662663836303861353465306639
32303035303832666564653032636339663830333930313630316536333966366536653133656338
32666432663064376436653865366138353337393665616562356434663031626138386334633661
62393565303164343965313166646361356262353063623134333936313963316139636432383738
34663736306663373666623538633732663630646136333135663433356336666635306132343032
64333565396635346337303663383865323262636365356537376465656631613462326264643835
37333933363339323836346338623562323737356535323762356235363964383265333836343761
65666465306539666437386436666262663163393639663662393363306237356630616630363863
39363338366365366430333730323133396633366136353039306437383162313131656563623664
39343639663037323535363437623936336235353237356164316161343364383736373630626335
37333539633064323232373330366239636631306264353661343861333530366439366131643936
32643132616537643339653730303835623235636561316261396238353463643133313263383463
63323332393939303564656436326238386266366464373038376263633135303164383261376235
61323830386537323762393134666163663064613330636235383837623436353339336561633732
38363130633338666334383864383935326131376566313133313166333639653338653037393139
31626138643339643137613864633662303162343166643039623062663338346561633430643065
62316535373631353665323938646464623863323632346463336430663031393435333463303930
36363434306135313332623839313138353132323266636163333661383634306434306164363735
32333632343265313831323235363764343061363537323963646430333031363534353065303063
63303265383234303335383638343438323636323235663230313762313566663833333866383134
62663061383464616565626635313732343335356536633932323639306661663430336230353064
36393066633330633438353431373761653761373439353463346163646232653865366533396462
39306462383862646436353339313734333463336530326433326634336264313034343431353037
65393461616361666462366234666563393234633862616532323966346662643533393832626133
34313435626264376334313066333638376562666633356231613037303536343431623666643937
63326330303830356436393131376331393732636161306633643630663836306266343766306332
63656331353438643636623763323866376435616161633734613532636663653939333434356333
66613162616664373561666232313036323733353535343238393665636433326234653163663834
31616336653664316337393762626463353065643837303737313336656264613230663430636466
31326537306662373062303761623261363766643665393835613733646161623361356132353265
30366336616463386334643966633633643261333833636130353362643233666339303235356366
34626564633062363336383431376631343836366561653634396638326262323062303237336566
64643365636232633338643035353030326130643164303231363537646465353562363938626265
64393464333330333635313338666565366138643866663966643362633237366634643465353366
31646262623865366664646662613931343963343364323234613935373362316539633430353535
30386531343932373537376137373335313965313763623333303935643965633338373530626661
34353439626664383639623665336135623234336435653261316635646364366233383034346533
66633736613636396336323665666431346135346336656538623361336236653262653063386562
64373634643065663765313331353438313139386333313263643639633861663431313833653263
61363930386632663937663863333561363533363434346132396366626234306136646161653935
61336362313439336439356663666264343935313137653264336539386262666536333930356235
39323263623461373336336364666466336631643738333731366230616232323737353164356361
61346530373561383864
