$ANSIBLE_VAULT;1.1;AES256
64613361376364346139313833613465663361336634326430393261366630306466363935613139
3634363235343736643230623865386436333734663531310a343965396534336262356234623966
39353332626662636666383935383530613139626439373664323063633063316264383331646533
3366333837613731310a656462633638376432326365343135373863313665346566383933353630
37303565323630633739396433323165326262363863386233343134636236646366633765616432
33633165613239653762343935386637393437386431383961306436373765343736313634333933
30376463646464303066613561613564353938306664373464333966383664383034616439343735
38363966323366343465393530383736393364373361326234356365363163356632393834393464
39393530356235383830323065636535383138353864373237333164323436623737383435313261
64366362626232386438376131633533633162356432613835656465623762633464353936303236
63353633633262633461353963653534663336396134373435303266386162393965343165303335
65313436666334383965373837376664323861376162373834363439653539383231346634633737
30626431373739633930313937643938343165383536373465613535366562313439396533643864
36323032316131333962373732306334373939333363386564653465303261393337333466316130
32326533353165393635393130396164636363623937313566343333386562616662383038613565
35386638383365633362
